1045
144519
1078
1240
1279
28192
1380
1393
1408
1447
1468
1487
179437
1619
1722
175689
1773
1891
1913
1920
1995
24447
2019
2085
2111
2154
2176
2193
2255
2269
2285
2290
2403
2436
2444
149738
2558
2574
2593
2663
2787
2803
2812
162254
2845
2856
2870
2884
2940
2982
3036
14824
135484
3121
3144
3170
30644
3221
3226
3231
3238
3362
3394
3413
10484
3480
3502
3650
3734
3813
3835
3851
3897
3964
4029
4040
4058
4062
4087
4093
4145
4194
4241
4331
4371
4430
4462
4503
4510
4595
4611
4622
4674
27665
4739
4818
4839
16878
4941
4988
5018
5046
5047
5071
5072
5073
5109
5134
5169
5234
5256
160785
5439
5492
5496
5526
5589
5597
5600
5643
20423
5680
5709
5870
6008
6036
6066
6104
6310
6326
6334
6335
6346
6375
6386
6403
6435
6475
6502
6509
6552
6649
6682
16476
6730
6742
147175
6821
6830
24379
7065
7085
7116
7127
7146
185229
7154
7163
7171
7241
7253
7257
7267
1318
7435
7437
7549
7585
7647
7648
7691
7711
7733
7750
7824
7862
7881
7882
7904
7912
7922
7923
7982
7985
8007
8030
8068
8099
8151
8123
8199
8214
8245
8247
8253
8264
8272
8358
8446
8479
8488
8530
8536
8539
8551
8577
8579
8599
8606
28590
8655
12428
8692
8789
8859
8972
62290
9155
9203
9217
9299
18312
9351
9359
62689
9563
9667
9772
9778
9867
9872
9882
2991
10002
10016
10035
10156
10190
10247
10332
10391
10453
10466
10499
10507
10519
10530
10614
10639
10839
10860
10867
10884
10916
61534
10983
10187
11017
11060
15247
11191
11257
11296
11300
11304
11366
60979
11456
11465
11506
11584
11600
11649
13597
11818
2849
3024
4737
5619
5750
5786
5878
7238
16384
139804
9142
24522
6242
5860
4723
2337
3619
6528
9411
9611
10816
1382
11032
6829
11038
9302
11687
1440
2146
2435
3041
3735
3946
4640
5306
5606
5980
6376
6867
7343
14221
14828
8470
8475
8240
11856
10426
10581
11056
3138
3153
6109
6733
6781
5330
9904
9783
1230
11535
10735
2751
3107
8543
7772
9445
10277
6532
11399
4091
1743
3026
6865
2271
11877
12389
3246
13341
12338
12603
12395
2044
5074
10726
7017
2710
5608
5518
9372
8818
30128
12124
12108
13990
12886
5216
11923
8873
1632
2504
4768
7139
3310
10411
3814
4517
7366
7970
8810
9850
5918
12756
8542
9899
1161
61739
12136
8675
7346
8101
12679
4213
12206
6097
13680
1976
12669
4001
1004
5301
7409
10150
11672
1075
4990
3504
7875
10618
13657
2086
2184
9815
14820
3439
11550
17095
14282
12246
14219
3555
12578
9466
6653
7974
17115
10974
12785
13092
7620
7260
2968
9004
10795
15084
9846
6034
1690
12972
4066
14470
7906
16477
21061
3243
14412
12445
2008
12459
4699
15110
30198
41084
12589
3532
64389
5560
7066
9849
9555
160681
15708
5581
1274
6216
12689
8823
6239
4103
20021
6461
13135
9831
16478
15106
3863
12895
13561
10877
3505
2620
12144
3011
15521
13041
114628
3937
13646
14827
5824
14590
7368
24287
163627
2002
23714
1602
12233
10540
9988
157057
5639
14535
15363
18705
120093
143073
12615
9613
12053
6669
24216
27882
8867
16227
14418
12909
17130
17110
6557
15261
11440
14370
24293
14450
14477
12788
19398
8902
30783
23592
10903
17239
25157
6333
21496
5783
14624
26019
21487
13557
24531
10793
6285
13204
8210
3278
5417
6115
4423
28317
29492
122382
23006
4065
24926
17150
63892
25180
61596
15252
6565
31683
28930
28349
26021
13342
25434
13988
63447
10991
24870
29497
185370
8133
21508
22794
31392
19427
13380
23988
37826
16955
25314
28256
1704
28295
15173
8633
29846
28214
29392
24747
24538
31479
165264
22140
1598
9841
20185
14384
4201
63605
12142
2950
29755
6529
29011
29028
61552
61153
29942
2938
27842
60900
5764
11756
117145
24544
14027
27914
61483
64160
25823
24283
25021
25340
11462
28543
30950
3007
66004
28637
7866
30990
20779
7936
30865
17233
23220
4885
24405
16243
13888
26069
1164
12151
4678
7991
6774
27786
6003
62655
31846
27936
7672
2490
30945
160684
61408
30651
63288
17035
111868
24440
6241
28139
22974
8455
29733
31166
14633
11555
12726
135990
25283
64745
37855
62599
30399
28216
61409
5032
11861
62929
8213
1837
5968
25279
12075
64486
2731
63639
65697
148281
6196
10405
66278
5284
6788
31549
8431
62374
3949
28742
29246
31707
25536
10221
62984
16245
66050
150278
64166
5742
28998
12141
20783
16401
64303
12126
15202
16986
64621
63424
14201
17197
8113
12256
16991
3643
24800
65643
61489
13200
14114
148350
25339
21825
2393
61763
64030
12796
7723
23961
114608
29710
14960
65350
65679
133346
61811
62967
24620
28622
11482
140902
29143
63847
62870
3071
4383
24363
31560
63952
28600
5671
158743
31634
14359
3082
16784
145702
121817
28564
7401
14275
7798
29173
116104
30161
12123
61338
61441
63870
28648
11903
113490
24810
65772
8717
9774
30259
30006
14163
65105
175886
19574
6268
65676
145979
20653
60894
148221
29055
2497
135969
165746
116004
63607
11721
28616
36691
13623
26004
11554
24893
4690
2589
6223
65611
62221
2536
129442
158737
65417
145977
13710
176291
65803
118793
65615
13440
110566
148217
112759
11513
14883
110804
62064
142460
63657
36758
63196
120444
1034
65015
23809
5379
20115
148313
63919
50831
6799
34010
24934
30870
29250
112030
120359
3469
65831
120301
11531
24537
24503
64739
31460
21503
10498
148223
1449
10115
65718
24032
13407
25777
5723
9689
113419
11644
11012
61743
25119
112033
116857
65590
163036
130766
66371
26658
1706
122514
65084
61404
117861
119417
111723
66065
25877
12884
24473
28303
17254
111491
112168
62865
63483
3570
120302
25338
120297
21244
4523
146617
25130
2916
110039
64344
61567
6297
24539
113140
16456
61352
2602
149177
30219
14172
62395
11096
32280
174147
63123
10000
148475
134932
63422
130762
24415
66016
124254
123097
23084
145186
119314
64552
28342
14934
13700
124314
62823
2859
3607
25509
25895
2220
137131
145308
116526
66435
1177
10443
6116
11842
63527
6078
135669
64891
117902
125533
6768
28737
105365
66507
6136
4675
26011
3062
28195
65702
25921
25495
10588
61676
12352
63766
114484
126554
4108
123500
130200
7566
136267
62667
133768
6025
148356
66698
62784
9599
63085
10920
63194
64690
29001
156933
14830
16597
29356
3087
136648
118304
11094
155738
4016
162401
63501
121718
31203
65399
66290
2136
17074
65108
63052
139662
147391
164758
62261
23877
28518
29909
29312
137943
7977
66599
28194
124442
65886
117768
140760
12090
141400
141321
5020
27965
160893
110732
133170
110685
2783
125595
126136
142953
177376
65345
6207
25056
141845
122096
64356
28940
5338
118264
62516
142811
121382
4809
140977
118081
157118
6994
23978
9248
160950
6797
14790
141982
150258
141382
28462
62330
143356
29353
137232
63669
9063
3918
38477
144559
13003
31673
29751
11747
13963
63600
60923
5125
161075
160183
146171
7921
5774
160838
129418
156676
13166
66446
25296
146017
31887
2259
156383
163939
122380
142459
25807
149578
145046
142462
9699
14650
157373
29274
119574
62266
11446
15274
1914
119753
61679
63604
6547
4926
9293
25480
27980
8515
24468
29282
165856
4685
148870
31881
16769
63679
8694
144640
66660
141983
14466
15855
142382
147638
149268
4049
20412
119756
126555
61576
160256
8549
8219
11609
38870
110065
37130
4094
111631
30536
22829
157153
12635
66673
147305
120774
160343
163669
124321
38065
8638
60875
25079
17266
155395
4973
144396
156861
179577
4460
151016
22221
25334
29734
8807
2346
13599
8898
62634
23109
157355
63460
140905
30255
24110
149318
15290
6357
165652
134026
113033
13365
24187
15364
11896
29133
155934
25405
137024
24233
24925
146156
28380
17120
176404
145701
16981
7422
63769
6171
162198
164606
160163
16721
1111
148476
66798
164002
109929
8341
163118
120824
162127
157859
63812
24224
2596
62036
166482
160255
120835
25961
25146
155393
24008
63707
37338
162448
163879
148531
1651
28477
2960
160250
65026
1677
157858
122841
177088
5342
160632
2888
165358
39378
113439
18364
165640
160661
163948
16486
151404
166230
24792
28765
162336
162129
63456
65148
162264
163113
160202
150139
176070
140676
165734
148650
30559
164571
14563
145552
161844
165855
6307
164533
165993
160282
29433
33750
24704
64423
6639
29453
25874
30463
149010
160570
183366
178568
63848
164058
164607
150699
164433
114748
184880
164506
12868
28296
111961
176239
145049
175092
9777
28414
65630
123016
164543
149337
121934
124050
12441
27991
165702
161994
4115
13328
23252
25964
165556
165845
163586
164708
13071
113225
180711
8716
29131
166199
165731
163772
161072
126046
1308
125583
24483
118321
165675
5791
65236
118795
160341
61685
25859
2484
177429
166705
151832
64741
65006
23774
120877
149070
122257
61859
153668
12189
17874
62399
174729
65317
15092
24396
175319
61570
126296
166451
64055
175263
175739
179027
3581
160598
13431
138743
63951
111974
2034
30671
164408
30718
12708
160181
1981
175087
147644
176282
25749
27928
176833
63643
6158
23485
176523
64602
32074
176760
24186
176899
26013
64536
165123
183581
145367
176928
185318
174567
154755
147242
20204
177303
179094
149089
23067
35327
157058
25341
2230
66061
177108
180483
177745
62055
165844
18841
184323
177637
62093
148930
185337
20904
28787
7636
8440
65009
163680
177953
132502
62317
26050
133767
33598
184241
155394
21515
139665
178507
21739
160670
64867
145512
166639
30234
176872
10631
7067
8512
178921
154758
11228
6304
166554
162459
179621
28877
179657
180167
23810
180272
179534
180016
15253
180395
61960
124638
180402
116395
63959
177882
164661
162897
3105
3708
166208
114524
181931
181904
100644
62313
160225
162733
180029
183257
147579
164296
63876
185363
178633
180833
183640
64088
36973
24219
176247
65220
14868
17928
160892
109683
10905
2270
12540
9835
163983
184748
35543
130305
184470
166061
161056
63495
184258
66630
126056
14256
156614
175007
178608
177487
141913
184899
160719
179741
120458
181104
178846
126322
177883
182116
30598
184785
25632
140033
1655
8486
166562
177288
28018
22260
39935
162076
10407
182788
176939
37076
4515
27240
28180
1567
61591
174700
184442
142339
60992
64902
8387
5987
26126
24856
180652
13453
183555
23569
64165
33067
133367
179077
164099
184035
142260
180145
1414
185584
112034
112111
146137
11770
62016
138321
11914
24232
23594
6922
64404
161000
65474
163916
36180
175903
11670
163629
61871
25356
118122
62922
2811
170527
1860
109580
126615
170965
24638
18025
170841
150306
178851
26044
171078
178444
179782
24720
177287
66029
142337
157354
9258
7509
177405
129823
176249
175900
12978
4072
11566
116503
177109
170627
157117
174169
14438
170750
176639
118502
8333
16648
24302
64768
1878
8463
170418
38081
171049
16009
151708
24671
16101
65967
177896
170791
174317
8092
183352
160580
4666
162385
13721
34140
17228
118042
177674
22439
178850
179110
163765
184868
60902
66368
16653
185334
157855
17699
158354
161120
178201
178327
18246
178798
160272
65142
18036
151632
154056
63621
181269
133432
171059
178539
31564
175068
17687
153028
17934
19442
64346
18498
61745
183570
160912
166563
180405
10984
133366
174490
163610
3333
18792
27845
14304
6908
124435
18465
18675
108645
24782
19190
124358
4843
62977
3028
5250
1635
19507
19517
66354
62391
164422
18109
18438
17419
19843
24157
29264
3592
23985
19581
137573
19998
7316
4600
25870
12432
19580
4790
19377
15337
18004
1439
10121
20502
184996
33150
16892
18235
122172
19578
20739
1906
11315
20168
21799
20686
184040
23546
29894
18293
15417
138205
144998
160874
21124
147988
174049
31587
184700
163877
148950
21431
20232
13540
13421
160447
161036
21352
19171
21845
21761
162909
178814
21808
13782
22815
12250
11264
122061
22343
18872
8079
140541
18432
12413
10999
164471
113362
185532
28118
7228
24466
7696
24725
18683
185355
23540
24351
22741
16738
9472
23827
23083
120134
178538
23225
24076
22734
24552
11854
170617
20513
163946
21019
20430
62965
5568
24611
23864
24616
17306
24597
25539
22653
170384
179819
25645
152149
25893
29129
163768
7637
140073
26304
26156
30477
175308
26061
22632
61325
64853
179925
183684
18699
26812
20693
27251
25898
26495
160329
22039
25167
9324
179202
119275
184807
26590
20228
21004
20089
178672
26749
165052
6900
3157
164660
28853
27802
27803
160913
35077
21801
30032
27373
24437
177225
126600
162906
23296
24990
26709
4842
31774
26144
28790
27393
39954
15060
62730
22155
184500
14489
144520
27638
17689
178870
1794
23093
11537
27677
4199
25424
28719
29375
29138
27148
4273
166593
66929
9890
64480
13824
25030
27841
30397
31477
30283
18171
175004
19516
10441
3336
184551
13789
116772
34300
64848
10195
10297
178698
27576
140988
19649
12485
175376
65944
32106
64175
64223
160668
117036
121199
30962
164364
61600
18339
25783
177924
163976
32771
32372
184676
124775
39225
65771
27823
31108
21047
12803
33484
164046
32767
27215
18838
29108
12379
33433
17693
24099
38961
62948
184498
33110
18003
174310
22708
29524
33243
18241
65609
23245
3905
33326
183636
38748
22583
14555
33439
29565
27635
33588
17550
23249
34526
18629
32855
38073
33718
34330
39286
31252
38212
6338
108631
33951
33955
61519
18888
15044
178081
34051
2547
26864
63927
65228
30428
30999
32748
7993
39804
34053
3980
133726
31521
31954
10549
31507
34055
33279
32098
22671
4060
35168
29830
25124
34337
28320
24978
22040
34636
18043
137609
34941
34418
14561
32610
111064
35035
18049
26567
19906
32930
30720
33573
25774
35490
8386
177099
20126
35614
20534
171007
35617
29151
11636
13839
37752
35874
118267
155280
8215
21433
11781
35978
36190
36191
36049
35447
36515
31803
27394
156153
30098
22638
36494
35852
28176
179666
150477
176022
34259
38753
23812
35065
32502
18479
29004
37309
26167
37200
111534
39561
29155
170759
37188
32852
37180
29736
142814
37090
20884
31004
28749
35182
35053
29835
164755
36203
184797
178797
31295
37502
183377
32219
183797
27364
178493
37811
126721
38845
19753
22367
5978
38125
39726
36206
25313
160207
38821
29275
39182
137310
18204
40383
177227
1327
38576
26367
64901
39041
38924
39371
27014
37231
170335
39319
39310
33759
163678
38949
26839
20020
156155
66871
180423
35395
39651
39309
34749
38946
28397
20548
39787
37562
20823
39962
29241
39963
35245
164557
26381
39542
39810
39201
161813
36557
39317
37453
180474
179957
1076
37751
37054
39265
38744
25110
162335
184254
39067
41050
35684
41059
164363
34414
37713
5667
64630
1926
16453
144436
41416
42284
122447
1526
20661
183704
34765
1678
41716
41818
9016
30655
41897
37382
42950
43057
36897
43026
60800
2049
43198
43197
127377
37793
18630
38800
29206
185375
143974
27575
19484
34034
43589
14311
8001
37790
43360
45169
45167
124434
37079
40501
26494
31453
41835
50345
32558
180466
165846
40306
33424
13871
39913
33421
